[datamodels/thingsee]
version = 6.2.5
modtime = 1441741236.456580000

[models/thingsee]
version = 6.2.5
modtime = 1441741236.462181000
